startPosition Vec2 { x: 37, y: 77 }
endPosition Vec2 { x: 36, y: 45 }
path [
  [ 37, 77 ], [ 36, 77 ], [ 36, 76 ],
  [ 36, 75 ], [ 36, 74 ], [ 36, 73 ],
  [ 36, 72 ], [ 36, 71 ], [ 36, 70 ],
  [ 36, 69 ], [ 36, 68 ], [ 36, 67 ],
  [ 36, 66 ], [ 36, 65 ], [ 36, 64 ],
  [ 36, 63 ], [ 36, 62 ], [ 36, 61 ],
  [ 36, 60 ], [ 36, 59 ], [ 36, 58 ],
  [ 36, 57 ], [ 36, 56 ], [ 36, 55 ],
  [ 36, 54 ], [ 36, 53 ], [ 36, 52 ],
  [ 36, 51 ], [ 36, 50 ], [ 36, 49 ],
  [ 36, 48 ], [ 36, 47 ], [ 36, 46 ],
  [ 36, 45 ]
]
Dir Vec2 { x: 2.1249668691325591e-16, y: 0.033 }


startPosition Vec2 { x: 36, y: 45 }
endPosition Vec2 { x: 36, y: 77 }
path [
  [ 36, 45 ], [ 36, 46 ], [ 36, 47 ],
  [ 36, 48 ], [ 36, 49 ], [ 36, 50 ],
  [ 36, 51 ], [ 36, 52 ], [ 36, 53 ],
  [ 36, 54 ], [ 36, 55 ], [ 36, 56 ],
  [ 36, 57 ], [ 36, 58 ], [ 36, 59 ],
  [ 36, 60 ], [ 36, 61 ], [ 36, 62 ],
  [ 36, 63 ], [ 36, 64 ], [ 36, 65 ],
  [ 36, 66 ], [ 36, 67 ], [ 36, 68 ],
  [ 36, 69 ], [ 36, 70 ], [ 36, 71 ],
  [ 36, 72 ], [ 36, 73 ], [ 36, 74 ],
  [ 36, 75 ], [ 36, 76 ], [ 36, 77 ]
]




startPosition Vec2 { x: 83, y: 78 }
endPosition Vec2 { x: 36, y: 77 }
path [
  [ 83, 78 ], [ 82, 78 ], [ 81, 78 ], [ 80, 78 ],
  [ 79, 78 ], [ 78, 78 ], [ 77, 78 ], [ 76, 78 ],
  [ 75, 78 ], [ 74, 78 ], [ 73, 78 ], [ 72, 78 ],
  [ 71, 78 ], [ 70, 78 ], [ 69, 78 ], [ 68, 78 ],
  [ 67, 78 ], [ 66, 78 ], [ 65, 78 ], [ 64, 78 ],
  [ 63, 78 ], [ 62, 78 ], [ 61, 78 ], [ 60, 78 ],
  [ 59, 78 ], [ 58, 78 ], [ 57, 78 ], [ 56, 78 ],
  [ 55, 78 ], [ 54, 78 ], [ 53, 78 ], [ 52, 78 ],
  [ 51, 78 ], [ 50, 78 ], [ 49, 78 ], [ 48, 78 ],
  [ 47, 78 ], [ 46, 78 ], [ 45, 78 ], [ 44, 78 ],
  [ 43, 78 ], [ 42, 78 ], [ 41, 78 ], [ 40, 78 ],
  [ 39, 78 ], [ 38, 78 ], [ 37, 78 ], [ 36, 78 ],
  [ 36, 77 ]
]

strategy_SeekNearest
_seekNearestWithA
_getNearest